7.504424570801340177e-01 8.312282032570250667e-01 9.195012983295540732e-01 1.015632945156439870e+00 1.119955511823097716e+00 1.232746609537142657e+00 1.354231894173681505e+00 1.484620304918708777e+00 1.624091806743457322e+00 1.772762257581415035e+00 1.930647922780759806e+00 2.097616371888892051e+00 2.273517204338300512e+00 2.457313518340670910e+00 2.648728554927389567e+00 2.846931933650057811e+00 3.051158157452884545e+00 3.260375894208842329e+00 3.473304751236615751e+00 3.689167110473015931e+00 3.906069906372809708e+00
8.809660382753631280e-01 9.742957862896080012e-01 1.075789019169871130e+00 1.185725145955817572e+00 1.304322533008149376e+00 1.431730334578966035e+00 1.568003812032568778e+00 1.713094503625048448e+00 1.866825333621950245e+00 2.028534804463397290e+00 2.198767627700695559e+00 2.376622724702729172e+00 2.561437091956060286e+00 2.752902871676333074e+00 2.949683692670086010e+00 3.150917597466120768e+00 3.355542321607555500e+00 3.562391750999584605e+00 3.770150305879321539e+00 3.977453933765602745e+00 4.182941339250163537e+00
1.001729701344864054e+00 1.105331350823237191e+00 1.217464468304803260e+00 1.338269043218967891e+00 1.467810545895413821e+00 1.606062052089702430e+00 1.753268823943491705e+00 1.908409790882874546e+00 2.071444089862232385e+00 2.241892095567017851e+00 2.419143250527846511e+00 2.602478729186911810e+00 2.791080708301175051e+00 2.983968689384297157e+00 3.180056831652199545e+00 3.378218033591082747e+00 3.577252012744708054e+00 3.775882894150672797e+00 3.972770746128126529e+00 4.166621284443163375e+00 4.356139658152548222e+00
1.108790428714381271e+00 1.220293136206835660e+00 1.340411272717935143e+00 1.468610698122302383e+00 1.605815198463843796e+00 1.751305101764521588e+00 1.904699777670548322e+00 2.065532570766082987e+00 2.233089920020570940e+00 2.407049101560711168e+00 2.586206264432155955e+00 2.769781464431112727e+00 2.956745582167085384e+00 3.145979412204888082e+00 3.336318436810933541e+00 3.526571781651734572e+00 3.715486570730347271e+00 3.901805564524114978e+00 4.084287879914604957e+00 4.261753031638985334e+00 4.433032384413391647e+00
1.202453009072495194e+00 1.318628206926245827e+00 1.443242385452667698e+00 1.576151780395942614e+00 1.717087167495525035e+00 1.865642131366449963e+00 2.021267815271823753e+00 2.183351826352615266e+00 2.351124475497291311e+00 2.523711134008212564e+00 2.700160312960666165e+00 2.879412489866393532e+00 3.060344110747516666e+00 3.241795368388569631e+00 3.422590511707142014e+00 3.601514024987724660e+00 3.777380411005284433e+00 3.949006249896610754e+00 4.115242283297114945e+00 4.274916226398719488e+00 4.426918286218880283e+00
1.282543711222749572e+00 1.400775044646984213e+00 1.526969872363579395e+00 1.660852153475501858e+00 1.802030656305398937e+00 1.949819333078002481e+00 2.104058010979656945e+00 2.263507108326042072e+00 2.427469682219481673e+00 2.594978807089360906e+00 2.764988096117134919e+00 2.936402942942722305e+00 3.108079672425395845e+00 3.278860810595443986e+00 3.447559556198867892e+00 3.612979671953088445e+00 3.773947111068668647e+00 3.929236042937833240e+00 4.077695119644808130e+00 4.218143673447229069e+00 4.349421761946242526e+00
1.347614715608068892e+00 1.465561802532694635e+00 1.590760451247536178e+00 1.722861297015148230e+00 1.861393619753823669e+00 2.005762886763041042e+00 2.155260336480296246e+00 2.309064297621715944e+00 2.466260554549632555e+00 2.625839064757623298e+00 2.786739748685270968e+00 2.947845745764099856e+00 3.107997086499733719e+00 3.266011492501129876e+00 3.420684726628935302e+00 3.570798975377449835e+00 3.715149974506225306e+00 3.852526782473470579e+00 3.981761894232593413e+00 4.101701521333938061e+00 4.211265501677813994e+00
1.396923534728777394e+00 1.512601142716868408e+00 1.634732270032653867e+00 1.762910547344666679e+00 1.896609456617149636e+00 2.035194761288795728e+00 2.177908763147043736e+00 2.323899022883413767e+00 2.472221265297886994e+00 2.621868255996607999e+00 2.771744866970118792e+00 2.920717190621355375e+00 3.067607204671372489e+00 3.211208982601589934e+00 3.350324111385111436e+00 3.483723697426190924e+00 3.610218557183664689e+00 3.728652310729854591e+00 3.837905432578775589e+00 3.936937270561353674e+00 4.024769741629595998e+00
1.430348406738359612e+00 1.542235653599522305e+00 1.659763642369008085e+00 1.782469099201850149e+00 1.909783751854160494e+00 2.041036703527029594e+00 2.175441628804924310e+00 2.312137104862022063e+00 2.450156436288801753e+00 2.588475030093289053e+00 2.725974333041349063e+00 2.861529958196750822e+00 2.993962404078403861e+00 3.122085070902917980e+00 3.244714526341177852e+00 3.360682954672329803e+00 3.468868536663330282e+00 3.568200906915480086e+00 3.657676566681612229e+00 3.736377616038514482e+00 3.803470255260305688e+00
1.448604925238519137e+00 1.555626207392992955e+00 1.667473434445838398e+00 1.783646384804649099e+00 1.903538378164950196e+00 2.026445208343124360e+00 2.151562714733192383e+00 2.278005862997793951e+00 2.404794989934029736e+00 2.530899499405700137e+00 2.655238113456598104e+00 2.776685420748403743e+00 2.894107773807526929e+00 3.006349390443190384e+00 3.112316977099170323e+00 3.210928905530641142e+00 3.301167923653598901e+00 3.382075308759854515e+00 3.452777619168446055e+00 3.512496656550163632e+00 3.560585715902356174e+00
1.453093349289116265e+00 1.554518078535033876e+00 1.659988062508565898e+00 1.768957603390981292e+00 1.880783482968154896e+00 1.994735122341684708e+00 2.109997941581611691e+00 2.225666225311199398e+00 2.340786784383027896e+00 2.454333205429081399e+00 2.565262398453139081e+00 2.672498500330205307e+00 2.774975137940256964e+00 2.871638321264669447e+00 2.961472221151030038e+00 3.043491911636067915e+00 3.116833664765192413e+00 3.180654870149613345e+00 3.234251474733045306e+00 3.277031724659635437e+00 3.308533946490221034e+00
1.445618311038458614e+00 1.541001892013173613e+00 1.639682116099304476e+00 1.741074586836939275e+00 1.844510188126595951e+00 1.949246960906810155e+00 2.054450606396553081e+00 2.159247377234030818e+00 2.262689877508269998e+00 2.363807434875387692e+00 2.461607380592122585e+00 2.555086820853357032e+00 2.643276794931420870e+00 2.725204978484463858e+00 2.799990819514883711e+00 2.866782617926670440e+00 2.924829411840365267e+00 2.973479989360845899e+00 3.012192070804520672e+00 3.040565835329054334e+00 3.058330859401483970e+00
1.428159719847497344e+00 1.517285657640216501e+00 1.609008683836329778e+00 1.702710233791316030e+00 1.797720845365567088e+00 1.893282843484138445e+00 1.988585214530829592e+00 2.082767538660499351e+00 2.174943159211466082e+00 2.264187365470763602e+00 2.349583495253778409e+00 2.430216459527382078e+00 2.505202336132846153e+00 2.573713116572807991e+00 2.634971437252839888e+00 2.688279552295056885e+00 2.733031370614371625e+00 2.768751676701741715e+00 2.795070489145827786e+00 2.811779451299777133e+00 2.818787887040338891e+00
1.402771512789857677e+00 1.485628239209916046e+00 1.570440388533921761e+00 1.656588801369635267e+00 1.743396182324376875e+00 1.830119576788947100e+00 1.915971053683788838e+00 2.000137346141055872e+00 2.081774643061746755e+00 2.160032551896412745e+00 2.234070790667754824e+00 2.303071994613093310e+00 2.366265331926860060e+00 2.422937250560152300e+00 2.472436106100821096e+00 2.514227325541877001e+00 2.547855660320792470e+00 2.572998235611899887e+00 2.589473682457588577e+00 2.597242418703300970e+00 2.596420337388773536e+00
1.371529029471077799e+00 1.448291783083272222e+00 1.526450397180896701e+00 1.605399549997843733e+00 1.684455731092079134e+00 1.762905380453658966e+00 1.840000102840846141e+00 1.914967872309411678e+00 1.987025464412343068e+00 2.055389684068710476e+00 2.119318124708081452e+00 2.178084640848121367e+00 2.231031882099575370e+00 2.277557244757055344e+00 2.317157262496299719e+00 2.349429972961440960e+00 2.374087328955776233e+00 2.390969580202053191e+00 2.400056463877815460e+00 2.401476528663317733e+00 2.395548355307086652e+00
1.336479948007184282e+00 1.407493572115086300e+00 1.479436634159175368e+00 1.551700622279347241e+00 1.623632650716284820e+00 1.694539045541972877e+00 1.763721899664841830e+00 1.830440036375738710e+00 1.893995344613294218e+00 1.953668703341103985e+00 2.008796335773034070e+00 2.058758712687317693e+00 2.103020195259246883e+00 2.141094672150360534e+00 2.172610756982905844e+00 2.197302897544415767e+00 2.215030952937340647e+00 2.225824454960872334e+00 2.229790698508343549e+00 2.227253454884595030e+00 2.218629598496052235e+00
1.299600263859116644e+00 1.365333028232380119e+00 1.431604987693499975e+00 1.497819736479237163e+00 1.563350842760465875e+00 1.627534780125241332e+00 1.689699218753316856e+00 1.749179879410100558e+00 1.805329516544422974e+00 1.857506388107480255e+00 1.905138150391445961e+00 1.947711707530588088e+00 1.984770322389293629e+00 2.015977397757756417e+00 2.041105359182495693e+00 2.060011861239656294e+00 2.072729268165923511e+00 2.079410352053004729e+00 2.080332066315391248e+00 2.075918415862504585e+00 2.066713429274725122e+00
1.262678115968184356e+00 1.323678789716758786e+00 1.384891596762537036e+00 1.445746043625245392e+00 1.505629806183095942e+00 1.563915968184509175e+00 1.619977837314924507e+00 1.673196672149177777e+00 1.722998178025288540e+00 1.768816317690552697e+00 1.810159818740617155e+00 1.846632544785442587e+00 1.877888844020133341e+00 1.903712262893489493e+00 1.924019755518968200e+00 1.938814767451604082e+00 1.948253344240344465e+00 1.952621513109842777e+00 1.952317789959140404e+00 1.947859195017327849e+00 1.939844605512581310e+00
1.227263443744225135e+00 1.284101387840604902e+00 1.340887558272465085e+00 1.397055926493972366e+00 1.452021256166807994e+00 1.505205172294309168e+00 1.556013643877211639e+00 1.603884348362890622e+00 1.648309642461860847e+00 1.688812489358577418e+00 1.724991444370681970e+00 1.756563734846352975e+00 1.783310892768302791e+00 1.805138272957626633e+00 1.822075659099293254e+00 1.834274246454290491e+00 1.842011571210173004e+00 1.845689001430559806e+00 1.845769795349017750e+00 1.842809347120397900e+00 1.837485902156516415e+00
1.194591971303200273e+00 1.247820877202539647e+00 1.300773788221216920e+00 1.352896806742770019e+00 1.403630517605352068e+00 1.452429837183151662e+00 1.498759769112437246e+00 1.542114377815279269e+00 1.582052988872222565e+00 1.618206553016820815e+00 1.650278595706649032e+00 1.678072302037263208e+00 1.701515926971791881e+00 1.720634149837407811e+00 1.735570298146229540e+00 1.746582084662859469e+00 1.754065545208814081e+00 1.758450788142732479e+00 1.760284168503835289e+00 1.760132686958037374e+00 1.758639917143285825e+00
1.165581972002749600e+00 1.215719670662957164e+00 1.265374816537206959e+00 1.314024711656059274e+00 1.361142547478490838e+00 1.406213679872396538e+00 1.448766603623847127e+00 1.488375849432773013e+00 1.524680656559296299e+00 1.557400738541345087e+00 1.586348709333702756e+00 1.611439959333531569e+00 1.632729965775674197e+00 1.650346784939515477e+00 1.664534374576361220e+00 1.675666077813220189e+00 1.684149251266540581e+00 1.690480132846236883e+00 1.695236788031345254e+00 1.698952029527308172e+00 1.702214072924614019e+00
1.140849044006064572e+00 1.188352036248573551e+00 1.235198179638650862e+00 1.280889830662821804e+00 1.324941844559070381e+00 1.366896445277383521e+00 1.406341022001299512e+00 1.442923994729644388e+00 1.476392726898489771e+00 1.506561864572138809e+00 1.533334979025832379e+00 1.556792381809528614e+00 1.577012546944565941e+00 1.594286805558551734e+00 1.608909541390914022e+00 1.621281761358308149e+00 1.631899428327360013e+00 1.641259715080096493e+00 1.649886205981183185e+00 1.658325829406317231e+00 1.667121437556711161e+00
1.120761125916573508e+00 1.166033017628903767e+00 1.210504515367779588e+00 1.253709294751027770e+00 1.295222179151944042e+00 1.334639811568450796e+00 1.371611956657864839e+00 1.405909930759481563e+00 1.437326900071971725e+00 1.465823223258074348e+00 1.491387123204765297e+00 1.514183396061183906e+00 1.534421388685197174e+00 1.552399424399198091e+00 1.568502604618435825e+00 1.583170858495294819e+00 1.596882989518186413e+00 1.610140768471341355e+00 1.623453057554309797e+00 1.637322259122734991e+00 1.652229004429712322e+00
1.105505756695052577e+00 1.148924880248994862e+00 1.191430538248005266e+00 1.232619350178380646e+00 1.272100032308901119e+00 1.309551008596065769e+00 1.344713136240633933e+00 1.377437144546241665e+00 1.407619399622995315e+00 1.435285246674059767e+00 1.460585673707200938e+00 1.483698439689626669e+00 1.504914661146288246e+00 1.524592966266505645e+00 1.543142548217373289e+00 1.561008679987403891e+00 1.578655877278112518e+00 1.596552579800673000e+00 1.615184466959117549e+00 1.634992773169331004e+00 1.656343765512497290e+00
1.095187599612276630e+00 1.137102225561067881e+00 1.178063889436167244e+00 1.217686802094969600e+00 1.255654805173506583e+00 1.291749468572890303e+00 1.325774013091353787e+00 1.357652722981880666e+00 1.387401835006146333e+00 1.415129053688592320e+00 1.441027468521763444e+00 1.465366364310166647e+00 1.488477731937288606e+00 1.510741768073944336e+00 1.532570025240792333e+00 1.554390096051188941e+00 1.576627487776314673e+00 1.599766987278563368e+00 1.624134758952807900e+00 1.650044945128375184e+00 1.677883655314624134e+00
1.089858683909513459e+00 1.130655639193732132e+00 1.170471899632227641e+00 1.209013211443281444e+00 1.246045057183118754e+00 1.281385288632337360e+00 1.314951554407774781e+00 1.346748381121427363e+00 1.376866802445006588e+00 1.405479169233723846e+00 1.432829062164701295e+00 1.459242256935568083e+00 1.485072550227613197e+00 1.510680606781261259e+00 1.536451825430955154e+00 1.562837660841440934e+00 1.590167020526844999e+00 1.618745960179861276e+00 1.648939719174078666e+00 1.680814982589236228e+00 1.714635151120227352e+00
1.089603701313883954e+00 1.129662096079059319e+00 1.168798765280389951e+00 1.206776798330819522e+00 1.243428356420622993e+00 1.278663145179124161e+00 1.312473200783980110e+00 1.344932140064376558e+00 1.376189932086484102e+00 1.406463632676617115e+00 1.436077873633446078e+00 1.465320436447968389e+00 1.494514581730272518e+00 1.524087769766021339e+00 1.554326256444459320e+00 1.585569559013304763e+00 1.618087270408327116e+00 1.652076862878209429e+00 1.687641210372262890e+00 1.724866742883126358e+00 1.763577379374723364e+00
1.094534489350041495e+00 1.134280286937991544e+00 1.173210621313470314e+00 1.211161401045866892e+00 1.248042994033695896e+00 1.283832224244231046e+00 1.318577753810560971e+00 1.352402402789915303e+00 1.385539321767490506e+00 1.418227411151031792e+00 1.450710218130463858e+00 1.483399814325484956e+00 1.516487985086792945e+00 1.550379805338445216e+00 1.585208274472968970e+00 1.621327333487882161e+00 1.658724921114068884e+00 1.697500797243746584e+00 1.737645495765988146e+00 1.778933605152983599e+00 1.821136474184160026e+00
1.104830825238677594e+00 1.144712539858940170e+00 1.183942562544189725e+00 1.222444685690442290e+00 1.260167221253859049e+00 1.297128318083552445e+00 1.333478370998867346e+00 1.369367187781403761e+00 1.404995707273557493e+00 1.440663618348535513e+00 1.476574899705288990e+00 1.513044269536350850e+00 1.550277563254575774e+00 1.588432923807471253e+00 1.627750899560075570e+00 1.668175349838885158e+00 1.709681810171286953e+00 1.752244020375086420e+00 1.795606182599029266e+00 1.839468967777315056e+00 1.883498517398162431e+00
1.120693724130559898e+00 1.161192866048704309e+00 1.201278488553543689e+00 1.240861213281654329e+00 1.280022218592135275e+00 1.318786785763186753e+00 1.357337143465217055e+00 1.395809340886200678e+00 1.434471179928985318e+00 1.473452878323560089e+00 1.513055860916432405e+00 1.553388032099656479e+00 1.594553697714818474e+00 1.636682304562205648e+00 1.679741205113536751e+00 1.723600270731376005e+00 1.768092012551498948e+00 1.812976417024861231e+00 1.857969067624889004e+00 1.902749423347154689e+00 1.946898742586648634e+00
1.142401099833174394e+00 1.183987834762512570e+00 1.225439237323491026e+00 1.266663957676721797e+00 1.307807291753461554e+00 1.348890883741304059e+00 1.390092693786634914e+00 1.431579896694132437e+00 1.473460446252865985e+00 1.515922294396961689e+00 1.559090354785652277e+00 1.602969521580881684e+00 1.647558141132910547e+00 1.692784264274932227e+00 1.738545810275779147e+00 1.784608068666935443e+00 1.830676403461680479e+00 1.876435590596631453e+00 1.921542298688443173e+00 1.965642731715651959e+00 2.008390915306371038e+00
1.170171593954195899e+00 1.213366502118753854e+00 1.256617739932520017e+00 1.300010321771069677e+00 1.343530665282365311e+00 1.387291444539809460e+00 1.431447080661628624e+00 1.476032494729727640e+00 1.521129765012972923e+00 1.566781999668832359e+00 1.613042176227429181e+00 1.659796333356644116e+00 1.706906322985039637e+00 1.754183239083188850e+00 1.801383768625980819e+00 1.848218657541742527e+00 1.894372661446626083e+00 1.939513895836804780e+00 1.983314289373688810e+00 2.025463095114334866e+00 2.065678343423784202e+00
1.204231643735222734e+00 1.249401501137777704e+00 1.294936617038555671e+00 1.340776834429820319e+00 1.386961988627837261e+00 1.433539149152307512e+00 1.480608742812504319e+00 1.528128254271627462e+00 1.576073041951803200e+00 1.624375748731941238e+00 1.672915564152247292e+00 1.721519448025148114e+00 1.769963957723293291e+00 1.817984551908246260e+00 1.865286948677657985e+00 1.911561782740260007e+00 1.956497793672661745e+00 1.999797308901253290e+00 2.041186148929453381e+00 2.080425857235694842e+00 2.117352632643387356e+00
1.244644475160448405e+00 1.292138975728557071e+00 1.340152017405104035e+00 1.388611075590991284e+00 1.437499095046268938e+00 1.486790203386378684e+00 1.536435515035146970e+00 1.586351130923882469e+00 1.636412892697654220e+00 1.686451543024195310e+00 1.736256479865817326e+00 1.785578723885799413e+00 1.834143047566307194e+00 1.881656817446321517e+00 1.927825052289251717e+00 1.972362025731616120e+00 2.015001521061490219e+00 2.055509524343849037e+00 2.093798637548346608e+00 2.129634480685453912e+00 2.162884315399680180e+00
1.291312119620203980e+00 1.341297058564887568e+00 1.391803033325286654e+00 1.442752406206966986e+00 1.494055005781271595e+00 1.545597853925356757e+00 1.597238007339407462e+00 1.648799496743602155e+00 1.700071731455330415e+00 1.750813104086990535e+00 1.800758332423451513e+00 1.849628396190080570e+00 1.897138848048612658e+00 1.943014065825231285e+00 1.986995993939290495e+00 2.028919013665990256e+00 2.068600562750728233e+00 2.105818906015999303e+00 2.140453202352829987e+00 2.172475964349508182e+00 2.201941840009091322e+00
1.343759973227256266e+00 1.396146080386917010e+00 1.448969604027722680e+00 1.502069730877776177e+00 1.555270351243220217e+00 1.608395226131741129e+00 1.661213752415478639e+00 1.713476263202061034e+00 1.764918990373042451e+00 1.815265750494399866e+00 1.864239150983624027e+00 1.911568409293608495e+00 1.957023619872781284e+00 2.000473618886719596e+00 2.041619942752824102e+00 2.080299529384748158e+00 2.116413048016420717e+00 2.150030558675111170e+00 2.180938091482951702e+00 2.209116771200196894e+00 2.234809731603883520e+00
1.401359591098217727e+00 1.455826660949928186e+00 1.510489531459400236e+00 1.565125003821583372e+00 1.619512677879401119e+00 1.673361500867075247e+00 1.726395453875312125e+00 1.778331513514255890e+00 1.828889300713932409e+00 1.877796826579646527e+00 1.924927009341669049e+00 1.969957968957815275e+00 2.012675167467115944e+00 2.052913097974993217e+00 2.090748590545108421e+00 2.125903711806631513e+00 2.158319564066448315e+00 2.188193040940509260e+00 2.215357780225810203e+00 2.239855207662459602e+00 2.261944460641180044e+00
1.462958963692282843e+00 1.518980634474191627e+00 1.574872078668546171e+00 1.630304282629521984e+00 1.684975271321473400e+00 1.738582569635471531e+00 1.790830921386530994e+00 1.841526935066339021e+00 1.890387564429242495e+00 1.937127358384409748e+00 1.981538485758382873e+00 2.023631931202314771e+00 2.063134422239541799e+00 2.099923465802020051e+00 2.134143099442312952e+00 2.165618114617894552e+00 2.194346032990183826e+00 2.220562447752518764e+00 2.244078785762821049e+00 2.265190864425578265e+00 2.283844218000268711e+00
1.527331129408889598e+00 1.584237865691366709e+00 1.640508807644056821e+00 1.695808376473518786e+00 1.749869027898933505e+00 1.802425442831720570e+00 1.853119413346864031e+00 1.901695840767389845e+00 1.948093588535279697e+00 1.992034544649519345e+00 2.033330316234932322e+00 2.072067810817753486e+00 2.108054770452499227e+00 2.141240015747992498e+00 2.171830553630008431e+00 2.199610090169728860e+00 2.224862344229391109e+00 2.247501164091455728e+00 2.267708940370710913e+00 2.285559283502086370e+00 2.301153461613943740e+00
1.592973504827683628e+00 1.649913258779144520e+00 1.705810590949189409e+00 1.760222807866740347e+00 1.812833234913143521e+00 1.863495571971594877e+00 1.911912024952415079e+00 1.957817503205888432e+00 2.001232249258701135e+00 2.041933730330260932e+00 2.079816835499360028e+00 2.115046850965617509e+00 2.147377062840771789e+00 2.177070179409819950e+00 2.204001666033086781e+00 2.228361931252787365e+00 2.250180414345284152e+00 2.269591910727903450e+00 2.286684769484271129e+00 2.301605047154096972e+00 2.314408955302018178e+00
1.658524819672282824e+00 1.714741860395790907e+00 1.769399004146741783e+00 1.822153067171491170e+00 1.872648693196408809e+00 1.920820043508980390e+00 1.966393741313678278e+00 2.009198449562122235e+00 2.049338156244568943e+00 2.086525475376347138e+00 2.120990928032476130e+00 2.152561353201225103e+00 2.181428923466717684e+00 2.207569259283988838e+00 2.231147715184291336e+00 2.252195220393237829e+00 2.270909513650499978e+00 2.287286722906899161e+00 2.301618384906106929e+00 2.313783176939780972e+00 2.324216594179441042e+00
1.722631917196546514e+00 1.777398072004757079e+00 1.830176473411109672e+00 1.880615032386458330e+00 1.928453863438929661e+00 1.973710446693226039e+00 2.016035382040911372e+00 2.055607666267749600e+00 2.092188544121075022e+00 2.125956514774811179e+00 2.156823764180236136e+00 2.184976214813800333e+00 2.210379834691091894e+00 2.233278905562642525e+00 2.253602911434521072e+00 2.271712235764361765e+00 2.287455558766587682e+00 2.301228164114345276e+00 2.312943000270312410e+00 2.322796946927109474e+00 2.330971610703128860e+00
1.784215265939221418e+00 1.836910284729361686e+00 1.887276443486257449e+00 1.934875200251891414e+00 1.979803262401176545e+00 2.021726226105413637e+00 2.060789308189458602e+00 2.096817114284935446e+00 2.129997282265453595e+00 2.160219516362716252e+00 2.187763082579681662e+00 2.212481563521089711e+00 2.234801029493138191e+00 2.254529569175196091e+00 2.272030710982960056e+00 2.287302006975054702e+00 2.300455003730387915e+00 2.311783748009708095e+00 2.321190689747433922e+00 2.328945729215577298e+00 2.335141083361249148e+00
1.842387412791713031e+00 1.892648558118617430e+00 1.940066111588166331e+00 1.984695954563920450e+00 2.026259733713185796e+00 2.064915394752049771e+00 2.100444879700549716e+00 2.133146405970363535e+00 2.162808925483239442e+00 2.189821033593981170e+00 2.214039841663454578e+00 2.235735935436475419e+00 2.255011376463995632e+00 2.271882289448067471e+00 2.286753385657585014e+00 2.299487032641610362e+00 2.310304949637905114e+00 2.319428871518595781e+00 2.326805764928971509e+00 2.332640374235992464e+00 2.337103968996556258e+00
1.896744676253724338e+00 1.943983732744203774e+00 1.988405166234338051e+00 2.029652212389176036e+00 2.068000769347199341e+00 2.103157513640775633e+00 2.135419970063968442e+00 2.164701162685271463e+00 2.191160446080605340e+00 2.214986448944543884e+00 2.236138528682229953e+00 2.254993249384500853e+00 2.271508066486803923e+00 2.285804068765733721e+00 2.298240642727767291e+00 2.308716089437931274e+00 2.317381011274890490e+00 2.324559800565168644e+00 2.330149088188953055e+00 2.334263383127838765e+00 2.337163149172626575e+00
1.946678056055192174e+00 1.990937184417305827e+00 2.032013878636035109e+00 2.070050522296617679e+00 2.104976330732927892e+00 2.136817761337584720e+00 2.165819447033212608e+00 2.191879858572484796e+00 2.215305668610294543e+00 2.236165394825718966e+00 2.254512871711648270e+00 2.270707829045252701e+00 2.284730836236281704e+00 2.296688217804417675e+00 2.306897728900191957e+00 2.315364633757875712e+00 2.322164534996100205e+00 2.327497161448056850e+00 2.331513117438505311e+00 2.334190696728293712e+00 2.335624265905473340e+00
1.992290482214099434e+00 2.033288103960827709e+00 2.071052925774979681e+00 2.105849097337929798e+00 2.137477494586996762e+00 2.166148375411041105e+00 2.192021054393666901e+00 2.215084357019140970e+00 2.235629667981298141e+00 2.253774133687076908e+00 2.269568926015135268e+00 2.283275597847203908e+00 2.295058431498402829e+00 2.304940248896896637e+00 2.313059000244592767e+00 2.319741536159686923e+00 2.324902569273676001e+00 2.328654992205827501e+00 2.331126626427701964e+00 2.332535943318079230e+00 2.332815993125214593e+00
2.033454693419523007e+00 2.071195600329043707e+00 2.105750393192416414e+00 2.137329310349330491e+00 2.165824799725674321e+00 2.191436326869097506e+00 2.214394727078962344e+00 2.234688938626836929e+00 2.252509873975091725e+00 2.268179770549374474e+00 2.281664475385753565e+00 2.293119162080370810e+00 2.302812248489764624e+00 2.310835601403816497e+00 2.317243654027210109e+00 2.322159670799035069e+00 2.325799342533642289e+00 2.328222788710405666e+00 2.329459635349514723e+00 2.329595118842199497e+00 2.328710764729374549e+00
2.070304997470509445e+00 2.104875901413550743e+00 2.136267413686745886e+00 2.164792092595068329e+00 2.190343453616143243e+00 2.213064870616650914e+00 2.233282975389528691e+00 2.251036953085780112e+00 2.266443889733801953e+00 2.279705739219070271e+00 2.291100618419056545e+00 2.300619791712150253e+00 2.308408081247880439e+00 2.314613909549924742e+00 2.319494643102770759e+00 2.323011882535352957e+00 2.325269775921806836e+00 2.326365806560937610e+00 2.326427153040820706e+00 2.325580086921905210e+00 2.323800623828056633e+00
2.103050538437939654e+00 2.134579326653702314e+00 2.163005871068103492e+00 2.188537568224048435e+00 2.211341457289813572e+00 2.231456654100215431e+00 2.249049148389020925e+00 2.264426049261287321e+00 2.277662276368988437e+00 2.288869815744849490e+00 2.298207551574896979e+00 2.305905332603691793e+00 2.312088447568662275e+00 2.316805448861400496e+00 2.320174589822266764e+00 2.322303674566940757e+00 2.323362289951332649e+00 2.323416203773005062e+00 2.322485381969614515e+00 2.320643011741761796e+00 2.317951593441933689e+00
2.131921598494014525e+00 2.160561365821281665e+00 2.186201208307818167e+00 2.208979445190117463e+00 2.229101972208390237e+00 2.246812957424582091e+00 2.262149976561075082e+00 2.275285183453904736e+00 2.286384350812021182e+00 2.295752224724534329e+00 2.303399665324766143e+00 2.309458391867927674e+00 2.314057482212084960e+00 2.317319369296985343e+00 2.319448988024402691e+00 2.320469576854195637e+00 2.320443691229518102e+00 2.319449992646555714e+00 2.317561582804490428e+00 2.314841148943654225e+00 2.311371728140375392e+00
2.157372538369607184e+00 2.183106217388237624e+00 2.206101352673803806e+00 2.226405262995025947e+00 2.244140197570801742e+00 2.259480879469079717e+00 2.272646538206624989e+00 2.283860755428028799e+00 2.293179120231077839e+00 2.300759508519949037e+00 2.306745294826026527e+00 2.311272712228179316e+00 2.314579194448168842e+00 2.316659600326170576e+00 2.317612892456652585e+00 2.317528712977602545e+00 2.316490704459527539e+00 2.314571327140958257e+00 2.311838527950348610e+00 2.308422077691865137e+00 2.304287308646945309e+00
2.179493657270573870e+00 2.202692484420594177e+00 2.223139111161326120e+00 2.240994803999258433e+00 2.256525462032039187e+00 2.269850900049291020e+00 2.281094504117891386e+00 2.290423579836663226e+00 2.297997006031022860e+00 2.303972610333503646e+00 2.308586557761978408e+00 2.311854019702679786e+00 2.313891822201796344e+00 2.314804991168679216e+00 2.314686799936690687e+00 2.313622124693952120e+00 2.311686189976310146e+00 2.308994116429860188e+00 2.305572634191964010e+00 2.301447039406807171e+00 2.296658700784744322e+00
2.198626642544132093e+00 2.219312470945663751e+00 2.237515236417221054e+00 2.253265104867099300e+00 2.266728307182438673e+00 2.278080469123601848e+00 2.287488720970998646e+00 2.295130274310606122e+00 2.301240693488631806e+00 2.305862115294557757e+00 2.309127627055386878e+00 2.311155545600040551e+00 2.312056374104606959e+00 2.311926058455277211e+00 2.310853105946524710e+00 2.308922711829886065e+00 2.306250305767926889e+00 2.302831812857133453e+00 2.298719215992456544e+00 2.293955688051750652e+00 2.288579603057541600e+00
2.215087568231813631e+00 2.233582912090024575e+00 2.249588241274277145e+00 2.263272433469144751e+00 2.274809105104166118e+00 2.284375980874680856e+00 2.292225124831022587e+00 2.298415157590381508e+00 2.303094152642806147e+00 2.306398168296367235e+00 2.308451582740047581e+00 2.309368621343006023e+00 2.309249532930548021e+00 2.308184719354617886e+00 2.306279671673565179e+00 2.303611655618591936e+00 2.300203511421771374e+00 2.296109594252556452e+00 2.291372528360560601e+00 2.286033168278634786e+00 2.280123692388165146e+00
2.229136796889300776e+00 2.245481224630819561e+00 2.259467668803533780e+00 2.271266598966622308e+00 2.281137824896521504e+00 2.289159433491796403e+00 2.295487441749148871e+00 2.300273696806772517e+00 2.303660017211975664e+00 2.305776574559511793e+00 2.306739933364759132e+00 2.306655986620893106e+00 2.305618827606368271e+00 2.303731643682024099e+00 2.301079143706433072e+00 2.297689490040756954e+00 2.293617412924759513e+00 2.288910426454052516e+00 2.283607481956221541e+00 2.277743061797889990e+00 2.271343614981095271e+00
2.240924837323792218e+00 2.255291532873163085e+00 2.267492451875016801e+00 2.277651442907339785e+00 2.285912447340089582e+00 2.292438876333726672e+00 2.297386475011550910e+00 2.300900492934724983e+00 2.303118419059749122e+00 2.304160190272193098e+00 2.304137289276969369e+00 2.303149913101836699e+00 2.301284184007316824e+00 2.298652003802878596e+00 2.295288094211652030e+00 2.291244604986647282e+00 2.286568858717271890e+00 2.281302513873085580e+00 2.275481672271593592e+00 2.269134469518213404e+00 2.262284135371859239e+00
2.250747091593904958e+00 2.263375004916010624e+00 2.273889965347550834e+00 2.282457094863129754e+00 2.289244254962049308e+00 2.294408339012172782e+00 2.298099176627249385e+00 2.300459360060649328e+00 2.301614835997620290e+00 2.301682603002520811e+00 2.300766718339903427e+00 2.298959365685536937e+00 2.296341302913920135e+00 2.292994972016089594e+00 2.288985141131396173e+00 2.284343543548084998e+00 2.279114629473226739e+00 2.273337148041908673e+00 2.267038509697742121e+00 2.260244890777820093e+00 2.252975584524581354e+00
2.258876809894903470e+00 2.269816621585641681e+00 2.278759736190708374e+00 2.285870991231358396e+00 2.291309246589688264e+00 2.295230082151739737e+00 2.297777313999767923e+00 2.299085517024495040e+00 2.299274951131193845e+00 2.298456795928585983e+00 2.296727048330934995e+00 2.294172462560434500e+00 2.290868174104753852e+00 2.286878712162120575e+00 2.282258655731260077e+00 2.277055815771870328e+00 2.271308637614094295e+00 2.265051210848335828e+00 2.258309770432439745e+00 2.251099643009592199e+00 2.243436568480755344e+00
2.265397109885138427e+00 2.274781699191474438e+00 2.282281259235562132e+00 2.288055455897158641e+00 2.292259670937629501e+00 2.295043323404112101e+00 2.296544902408400368e+00 2.296891699001049503e+00 2.296199406813368871e+00 2.294570470780887383e+00 2.292097660614841548e+00 2.288858857435335015e+00 2.284924928081671247e+00 2.280354860100060055e+00 2.275197874454390146e+00 2.269497414091823817e+00 2.263286011745381909e+00 2.256592597109353449e+00 2.249438160913485252e+00 2.241841776307277101e+00 2.233812905577781560e+00
2.270482636246078822e+00 2.278434929125248587e+00 2.284605144360164264e+00 2.289150600437015015e+00 2.292221895975746992e+00 2.293962904331685149e+00 2.294505047735590164e+00 2.293970996460944267e+00 2.292469858276728001e+00 2.290097978067998419e+00 2.286941898469650347e+00 2.283074385309475041e+00 2.278559597912875212e+00 2.273453414919688775e+00 2.267798196045156534e+00 2.261633233569550594e+00 2.254989055719616609e+00 2.247887405099054714e+00 2.240349810520568585e+00 2.232388082208141888e+00 2.224010521193974022e+00
2.274285315924321704e+00 2.280913915095186262e+00 2.285858968986237638e+00 2.289272827620433493e+00 2.291301795571843325e+00 2.292083385885464786e+00 2.291744163075328800e+00 2.290398947224456361e+00 2.288153945439165060e+00 2.285097125140820307e+00 2.281310478332827074e+00 2.276860737129246637e+00 2.271809655712730081e+00 2.266203045863725229e+00 2.260084138420812572e+00 2.253485040558566688e+00 2.246432522679050248e+00 2.238947361249389978e+00 2.231044707995763599e+00 2.222734618941464735e+00 2.214024318169165007e+00
2.276934372304463050e+00 2.282338729510086761e+00 2.286150790828094248e+00 2.288519595232174186e+00 2.289585599864546239e+00 2.289481851656501643e+00 2.288328563720444908e+00 2.286236880399648008e+00 2.283302705862234827e+00 2.279612958716751514e+00 2.275240745177136148e+00 2.270252148775791845e+00 2.264699613322710192e+00 2.258627005620184480e+00 2.252072255883150298e+00 2.245065796860779450e+00 2.237628396620036320e+00 2.229791314392886470e+00 2.221566132880743449e+00 2.212947949106121914e+00 2.203943590076652193e+00
2.278537440760918464e+00 2.282807181316758527e+00 2.285569653708873439e+00 2.286970994559212045e+00 2.287146972007016998e+00 2.286223364966470051e+00 2.284324344832150633e+00 2.281549163097406296e+00 2.277988846688028701e+00 2.273725417215741729e+00 2.268826423537931181e+00 2.263351716313392270e+00 2.257350277481700029e+00 2.250863175959324725e+00 2.243920871349451840e+00 2.236551403514569270e+00 2.228773757359857832e+00 2.220601834062839952e+00 2.212045913392375329e+00 2.203109095908089010e+00 2.193795710848004177e+00
2.279323847596705477e+00 2.282539758513926209e+00 2.284334330620296338e+00 2.284846438145032188e+00 2.284204394135700866e+00 2.282532868231957668e+00 2.279940908029219226e+00 2.276527648025568062e+00 2.272379282995892424e+00 2.267572256498130212e+00 2.262169601327646884e+00 2.256225947394540299e+00 2.249787466641762546e+00 2.242889994005197174e+00 2.235563288536029702e+00 2.227829096866078995e+00 2.219704269591821877e+00 2.211201410756938213e+00 2.202325070888795366e+00 2.193081064756961407e+00 2.183468657251725009e+00
2.279264919627642438e+00 2.281506810896356097e+00 2.282401149960556097e+00 2.282084499742174977e+00 2.280680216176877106e+00 2.278306570043357127e+00 2.275066755955907016e+00 2.271057764360965070e+00 2.266357852561248887e+00 2.261040180202678940e+00 2.255163984859899884e+00 2.248778568770720909e+00 2.241926882799493370e+00 2.234641291370127458e+00 2.226946982794567376e+00 2.218898158935547649e+00 2.210480237023350281e+00 2.201695032789318329e+00 2.192549937578198715e+00 2.183045489977222697e+00 2.173180227710423296e+00
2.278423198868578581e+00 2.279756051698761166e+00 2.279810397913936360e+00 2.278718663883803064e+00 2.276602055295364746e+00 2.273571207431353880e+00 2.269726898888180688e+00 2.265157401464906517e+00 2.259961996993971489e+00 2.254200584952570363e+00 2.247913506681439522e+00 2.241148789919491957e+00 2.233943085937150297e+00 2.226325477334537339e+00 2.218319302662073778e+00 2.209941531528046177e+00 2.201202366480496497e+00 2.192109126105026284e+00 2.182667724308079649e+00 2.172870401149692210e+00 2.162719676892911114e+00
2.276858675207184657e+00 2.277366938778708327e+00 2.276666794021644513e+00 2.274883096853623332e+00 2.272132259078022631e+00 2.268520947009095234e+00 2.264143932942860982e+00 2.259086464491070867e+00 2.253419718934728255e+00 2.247206631406451827e+00 2.240498427205108722e+00 2.233338091161464423e+00 2.225759486368012130e+00 2.217789675667752647e+00 2.209446636591153368e+00 2.200747078185117278e+00 2.191732571921709116e+00 2.182388201163401042e+00 2.172700279764016251e+00 2.162668051799629954e+00 2.152285517972842843e+00
2.274846089862206711e+00 2.274560603493612110e+00 2.273127919352336601e+00 2.270667261607448584e+00 2.267293145135834909e+00 2.263105754534779912e+00 2.258195792394335655e+00 2.252643486226793890e+00 2.246518696896435241e+00 2.239877322918141012e+00 2.232787931672592041e+00 2.225300351356447770e+00 2.217413404624947404e+00 2.209153626146390437e+00 2.200535614075036062e+00 2.191572754606407436e+00 2.182271625335955978e+00 2.172635688035480683e+00 2.162662729124241068e+00 2.152352324405542028e+00 2.141696067575152629e+00
2.272204358230358157e+00 2.271170995972906947e+00 2.269047035747515650e+00 2.265949476491489367e+00 2.262001996990431252e+00 2.257319658436350185e+00 2.251957134695504070e+00 2.245986343884597058e+00 2.239475194747594156e+00 2.232476353083251652e+00 2.225034235717238129e+00 2.217185566074245440e+00 2.208955878411530183e+00 2.200368619412399696e+00 2.191437833228175869e+00 2.182178775311391039e+00 2.172640607129809887e+00 2.162775048912553899e+00 2.152577112371436119e+00 2.142045091233639731e+00 2.131171756395978001e+00
2.269076887405665044e+00 2.267387671684673478e+00 2.264662769444546697e+00 2.261013880454682212e+00 2.256544690555537080e+00 2.251348561886774569e+00 2.245508849296271148e+00 2.239096261924594433e+00 2.232170402908816076e+00 2.224782062070539190e+00 2.216997517866565293e+00 2.208859744538317127e+00 2.200358808450796566e+00 2.191511944728336214e+00 2.182333006964041200e+00 2.172828203778356393e+00 2.163003202297560268e+00 2.152856120384841532e+00 2.142385042206933043e+00 2.131604872087197844e+00 2.120523297629871351e+00
2.265558178610764806e+00 2.263204289937683633e+00 2.259865072309229728e+00 2.255649082103760250e+00 2.250654027928371548e+00 2.245021007062426577e+00 2.238787066244967150e+00 2.232010815709045026e+00 2.224748666459431590e+00 2.217046233469998739e+00 2.208944534699138096e+00 2.200470573056774626e+00 2.191648431968685973e+00 2.182494542509926916e+00 2.173041430034318822e+00 2.163311780412402019e+00 2.153266748657766350e+00 2.142905449330897216e+00 2.132222925310914174e+00 2.121212874007341043e+00 2.109867897970468587e+00
2.261570258624170826e+00 2.258648202236912983e+00 2.254787925000075521e+00 2.250093290096394583e+00 2.244660329321273906e+00 2.238572959454947053e+00 2.231907182998366768e+00 2.224726831202197275e+00 2.217083189006084698e+00 2.209052784189992291e+00 2.200675629058471916e+00 2.191942722932499699e+00 2.182874101850602599e+00 2.173482929064610936e+00 2.163778652233727673e+00 2.153765756464232961e+00 2.143445136951996677e+00 2.132831968011652979e+00 2.121946408630949854e+00 2.110735995094992212e+00 2.099192298895835584e+00
2.257309087111258439e+00 2.253791009620036423e+00 2.249377805609374725e+00 2.244171328272917432e+00 2.238300774589547348e+00 2.231839572842843289e+00 2.224828008420567382e+00 2.217325371478309215e+00 2.209384253462177483e+00 2.201043877214213129e+00 2.192336875452693068e+00 2.183288671621573585e+00 2.173927035609104497e+00 2.164312583518139377e+00 2.154391142673500070e+00 2.144167096681150575e+00 2.133639099067552447e+00 2.122803245100290059e+00 2.111654519508277872e+00 2.100184511257030096e+00 2.088437541450379520e+00
2.252657065429047201e+00 2.248639923509820449e+00 2.243770915814669031e+00 2.238144512956612431e+00 2.231849070488096221e+00 2.224962160246023224e+00 2.217552677974964137e+00 2.209681842583022693e+00 2.201460566285356357e+00 2.192856839792173940e+00 2.183900419970744355e+00 2.174614393170491322e+00 2.165015575706709328e+00 2.155112105346969287e+00 2.144911291040219048e+00 2.134454219045951895e+00 2.123727382737597313e+00 2.112696092951728666e+00 2.101351447170650921e+00 2.089688807917267965e+00 2.077696533388938782e+00
2.247743512192696080e+00 2.243185447214304684e+00 2.237814712326263944e+00 2.231796803181135491e+00 2.225141284151157972e+00 2.217923077687852906e+00 2.210203901956230954e+00 2.202039889380717597e+00 2.193475090430471397e+00 2.184544951019198322e+00 2.175303031904391116e+00 2.165791254291532741e+00 2.155975527396760683e+00 2.145862402544883363e+00 2.135456806023368959e+00 2.124760011229865686e+00 2.113767014601399818e+00 2.102506557038608559e+00 2.090974082654220023e+00 2.079123209204811307e+00 2.066944046976753935e+00
2.242570798702643753e+00 2.237572064321230236e+00 2.231794348794054805e+00 2.225327669305418699e+00 2.218251517624618252e+00 2.210650150850935081e+00 2.202641831767376601e+00 2.194206575645631929e+00 2.185386804138075956e+00 2.176214466704262662e+00 2.166716909746943198e+00 2.156910509675667775e+00 2.146818042742733024e+00 2.136503367544246412e+00 2.125900694865646035e+00 2.115009704052294381e+00 2.103826529076150642e+00 2.092345162049183749e+00 2.080557598386736373e+00 2.068502364294011020e+00 2.056140666808269124e+00
2.237064026347285850e+00 2.231649096739435567e+00 2.225491593624793651e+00 2.218675251445955343e+00 2.211275995283216389e+00 2.203363410364593378e+00 2.194995327486742642e+00 2.186220090398003801e+00 2.177142058468870101e+00 2.167739998162919512e+00 2.158023416790880500e+00 2.148005840275819978e+00 2.137699751434727791e+00 2.127111471419555588e+00 2.116261310664341533e+00 2.105182344163238906e+00 2.093813245043443239e+00 2.082148181914234009e+00 2.070177955224809185e+00 2.057893434420881906e+00 2.045298199514957282e+00
2.231479135336260189e+00 2.225589110611140953e+00 2.218986064978439199e+00 2.211795634854163861e+00 2.204092397833722128e+00 2.195896582508174877e+00 2.187263142786413095e+00 2.178238415976791131e+00 2.168860152024393084e+00 2.159154511222640682e+00 2.149215382241101313e+00 2.138995103125792330e+00 2.128491926840163639e+00 2.117710607093628461e+00 2.106651219379369167e+00 2.095312385563172786e+00 2.083740637415516517e+00 2.071895095186824687e+00 2.059745852830691781e+00 2.047283760350595561e+00 2.034497811506565945e+00
2.225614971287544375e+00 2.219353549700300743e+00 2.212408172425721187e+00 2.204858176647318313e+00 2.196774922241267802e+00 2.188264006072345502e+00 2.179378305903301616e+00 2.170116676572357406e+00 2.160511921338110763e+00 2.150592021208284965e+00 2.140375535979278432e+00 2.129896208171213612e+00 2.119201822330674556e+00 2.108233950968770198e+00 2.096989849984514098e+00 2.085468697151580564e+00 2.073664662390244384e+00 2.061598485256311175e+00 2.049273918117816784e+00 2.036637405622866659e+00 2.023677543948224411e+00
2.219505788723421968e+00 2.212894824656133075e+00 2.205624514070892328e+00 2.197773740863351311e+00 2.189411937930238139e+00 2.180597245914637217e+00 2.171380616227915006e+00 2.161873271936532781e+00 2.152053534460966144e+00 2.141926205676825568e+00 2.131509727539122157e+00 2.120815835588319320e+00 2.109852577414085939e+00 2.098691674941118634e+00 2.087269831343162352e+00 2.075570541445390660e+00 2.063589930621746227e+00 2.051319520864229418e+00 2.038769730155105542e+00 2.025962645730385425e+00 2.012832047710407135e+00
2.213342905042181119e+00 2.206300344443260286e+00 2.198660558009774224e+00 2.190524999911879878e+00 2.181896902543673633e+00 2.172833232640825063e+00 2.163382786202316943e+00 2.153583626992622957e+00 2.143497597799465915e+00 2.133170695689320162e+00 2.122560550684855052e+00 2.111678791491364837e+00 2.100531974341534269e+00 2.089119997524711003e+00 2.077497711462553021e+00 2.065625267438427670e+00 2.053472204388954392e+00 2.041029992276550686e+00 2.028290206790781980e+00 2.015265149814651657e+00 2.001968786950341972e+00
2.206984087290400076e+00 2.199620564077211959e+00 2.191650229383610871e+00 2.183144007147969301e+00 2.174249131661991630e+00 2.164947881691705156e+00 2.155272601315744829e+00 2.145258575169595616e+00 2.134936013341158123e+00 2.124338287834182104e+00 2.113540504087981997e+00 2.102476881681710541e+00 2.091149392066129487e+00 2.079560670887462326e+00 2.067708145686924848e+00 2.055642055944387980e+00 2.043320344907941344e+00 2.030708728366227955e+00 2.017802046378041947e+00 2.004587827876492145e+00 1.991091265050685344e+00
2.200442878410919345e+00 2.192773472628793741e+00 2.184518520192774815e+00 2.175748877990637098e+00 2.166524449176712608e+00 2.156956160341595652e+00 2.147063681539106206e+00 2.136843612579572227e+00 2.126321908925284276e+00 2.115519606809295627e+00 2.104460773555433484e+00 2.093217194450012197e+00 2.081712639876044157e+00 2.069953142272037638e+00 2.057929726130401260e+00 2.045639438215439476e+00 2.033138370782966220e+00 2.020362854561539301e+00 2.007290250545941568e+00 1.993912684434610894e+00 1.980220293519139529e+00
2.193738988044441562e+00 2.185777691446310289e+00 2.177252781241653334e+00 2.168228415206593596e+00 2.158766871692105127e+00 2.148916872747491436e+00 2.138768453874656306e+00 2.128347878918928071e+00 2.117634617056157520e+00 2.106647005635970960e+00 2.095396358628591749e+00 2.083909518208272527e+00 2.072235501134001456e+00 2.060304540173776733e+00 2.048113484445928112e+00 2.035655734747254364e+00 2.022934824050641289e+00 2.009995684722247322e+00 1.996761984257361178e+00 1.983223737799498343e+00 1.969371734909354688e+00
2.187004399886609107e+00 2.178657441505094550e+00 2.169865383299456330e+00 2.160597937531288260e+00 2.150907309164766801e+00 2.140840579104815955e+00 2.130437045329176549e+00 2.119785315540937631e+00 2.108883427333757776e+00 2.097714501463986636e+00 2.086286484121329110e+00 2.074607534055368685e+00 2.062718322131753101e+00 2.050621217476381375e+00 2.038264321287477809e+00 2.025643378243441983e+00 2.012749915669105327e+00 1.999613679305729530e+00 1.986220956805154536e+00 1.972524701329268604e+00 1.958516406524444253e+00
2.180134116723702054e+00 2.171515787049997925e+00 2.162374923106596736e+00 2.152869824054193693e+00 2.142957947708809652e+00 2.132682038651044110e+00 2.122078814469146035e+00 2.111177443689416400e+00 2.100076441964443763e+00 2.088729729313062666e+00 2.077128799793950265e+00 2.065279955393403366e+00 2.053184674389614717e+00 2.040906891350300789e+00 2.028388708831468268e+00 2.015606134887367507e+00 2.002553366919637590e+00 1.989221287264150373e+00 1.975670649398279410e+00 1.961819485302745747e+00 1.947658030237038984e+00
2.173138343223376179e+00 2.164257877310666434e+00 2.154871306672767606e+00 2.145054858777902140e+00 2.134928549321153390e+00 2.124448677127247276e+00 2.113651882503756241e+00 2.102563648768220439e+00 2.091219817547572912e+00 2.079699650017114099e+00 2.067929054915785603e+00 2.055912685561322562e+00 2.043652200993905321e+00 2.031168830246427248e+00 2.018489530596793369e+00 2.005549091877323775e+00 1.992339097223634559e+00 1.978850903318906340e+00 1.965114484734161948e+00 1.951111377349971976e+00 1.936798651240248637e+00
2.166029831006294426e+00 2.156896214805656076e+00 2.147272723335528877e+00 2.137217660590891910e+00 2.126828309772210268e+00 2.116150280553214191e+00 2.105163857138192984e+00 2.093893464125476278e+00 2.082360221747669105e+00 2.070628365000229731e+00 2.058690975973644477e+00 2.046511422476164910e+00 2.034089551976005161e+00 2.021423052672731924e+00 2.008571772443950465e+00 1.995475418349315744e+00 1.982110499070416587e+00 1.968468839946914795e+00 1.954555875688483324e+00 1.940402464432411378e+00 1.925942668714485162e+00
2.158818341823498077e+00 2.149441321934820959e+00 2.139588790734440416e+00 2.129317617487790137e+00 2.118677288100855538e+00 2.107792964664455315e+00 2.096622066631395942e+00 2.085173208394798916e+00 2.073466757360423962e+00 2.061522994642330797e+00 2.049421746359222585e+00 2.037079848866448550e+00 2.024499666255400676e+00 2.011675069492444567e+00 1.998638039512073528e+00 1.985387874102650940e+00 1.971870852755468917e+00 1.958079330097245885e+00 1.944002661924674635e+00 1.929696424821039979e+00 1.915090670889439739e+00
2.151515492050238620e+00 2.141901674498966734e+00 2.131827489566434419e+00 2.121346097208850701e+00 2.110506883525971045e+00 2.099382730096763350e+00 2.088030369333258474e+00 2.076407539877814123e+00 2.064531224630951733e+00 2.052413337394921378e+00 2.040122690293883601e+00 2.027622197527810588e+00 2.014885204407896868e+00 2.001905754751553523e+00 1.988691395927716821e+00 1.975290226946520900e+00 1.961623380850749720e+00 1.947682177090708899e+00 1.933460795249986708e+00 1.918993458415631626e+00 1.904246305205048673e+00
2.144167374689858185e+00 2.134284954338270257e+00 2.123995225885057181e+00 2.113309474939412791e+00 2.102276536846418242e+00 2.090930553232605682e+00 2.079395344908517185e+00 2.067600914252486710e+00 2.055558542645951725e+00 2.043277510675703734e+00 2.030798147850963353e+00 2.018141333013832472e+00 2.005249537454725228e+00 1.992118290504915734e+00 1.978742172118684861e+00 1.965182986784419272e+00 1.951368557051457620e+00 1.937282729907945145e+00 1.922916462812530813e+00 1.908297084557872170e+00 1.893410940017855149e+00
2.136753335228724016e+00 2.126598931605552689e+00 2.116098141906258778e+00 2.105213856534967842e+00 2.093990251035855898e+00 2.082463257642268140e+00 2.070720384745381004e+00 2.058757297382006080e+00 2.046550695603190029e+00 2.034110064286062336e+00 2.021450946745115385e+00 2.008639560460515838e+00 1.995595031185517954e+00 1.982313275237318928e+00 1.968788776558621167e+00 1.955069797947958321e+00 1.941110078208802214e+00 1.926881006747445113e+00 1.912373594111490105e+00 1.897608411898514813e+00 1.882586207584695748e+00
2.129261144503695746e+00 2.118865211451136599e+00 2.108142224343851456e+00 2.097064215561160072e+00 2.085655536676839894e+00 2.073950413019580274e+00 2.062009744810684886e+00 2.049880484058351549e+00 2.037512355225702620e+00 2.024913901236172542e+00 2.012090439763411620e+00 1.999120005808491918e+00 1.985925201880011315e+00 1.972495583467223090e+00 1.958824864402849641e+00 1.944950984350871659e+00 1.930849424053536767e+00 1.916479157793650634e+00 1.901833664795595791e+00 1.886928697640588792e+00 1.871773285535559994e+00
2.121697377739785395e+00 2.111087394421279129e+00 2.100133638939956526e+00 2.088863966703378150e+00 2.077273068811646972e+00 2.065393647761423424e+00 2.053264957140075175e+00 2.040972719275429448e+00 2.028445927135495541e+00 2.015691586100803345e+00 2.002715266637481228e+00 1.989583779876178404e+00 1.976240858073594620e+00 1.962664792945610026e+00 1.948850789983462173e+00 1.934829327012350886e+00 1.920587546004898671e+00 1.906079267209196626e+00 1.891298407636264889e+00 1.876259850233618076e+00 1.860974423127032429e+00
2.114067135599230873e+00 2.103248557963607102e+00 2.092073464761995627e+00 2.080617839358524179e+00 2.068848710940450530e+00 2.056797947668214110e+00 2.044491000980092732e+00 2.032036538404010440e+00 2.019353817281039465e+00 2.006446247075589717e+00 1.993319265944622387e+00 1.980032638359188413e+00 1.966544525819320377e+00 1.952824474919865549e+00 1.938868179388454127e+00 1.924705723804910784e+00 1.910325723233242456e+00 1.895682452536790130e+00 1.880769133682631322e+00 1.865601874863726417e+00 1.850188279570806893e+00
2.106374296670622481e+00 2.095352572942612124e+00 2.083967852794625486e+00 2.072329151805765157e+00 2.060384717292417012e+00 2.048165621511918388e+00 2.035695602112025160e+00 2.023074343900922223e+00 2.010236422646945353e+00 1.997178597735412398e+00 1.983903806514472512e+00 1.970468112074664324e+00 1.956835946330232057e+00 1.942975418558954948e+00 1.928879347799464572e+00 1.914580926730462984e+00 1.900065385751663394e+00 1.885289241558046669e+00 1.870245704661968267e+00 1.854956197934950257e+00 1.839419351638374556e+00
2.098624231539400586e+00 2.087403993598070162e+00 2.075818841716762897e+00 2.064000172450300319e+00 2.051883608585294283e+00 2.039499445257092258e+00 2.026868377365740326e+00 2.014087958021769875e+00 2.001098143953961017e+00 1.987891320797973371e+00 1.974471136058315812e+00 1.960892067266481575e+00 1.947118025318790302e+00 1.933118260399993904e+00 1.918885664814785175e+00 1.904456443059621140e+00 1.889807616136062629e+00 1.874901310108198382e+00 1.859731217027755790e+00 1.844324602067625607e+00 1.828665263509634764e+00
2.090820447133473703e+00 2.079405102578946174e+00 2.067628514881810098e+00 2.055633177943685386e+00 2.043347845511425120e+00 2.030800526474362044e+00 2.018012523495271715e+00 2.005077439229782765e+00 1.991937737669622344e+00 1.978584577820901247e+00 1.965020786762237792e+00 1.951305145231670313e+00 1.937391593632554088e+00 1.923254508357576942e+00 1.908888037182561614e+00 1.894333511741027820e+00 1.879554466273186009e+00 1.864520818930712975e+00 1.849225515145145327e+00 1.833706702668761901e+00 1.817929170229896529e+00
2.082965357546308738e+00 2.071358582314460239e+00 2.059399125831118393e+00 2.047230581831095630e+00 2.034779806905946398e+00 2.022071085462135986e+00 2.009128051400715265e+00 1.996046060046185566e+00 1.982758747830159152e+00 1.969261090963196681e+00 1.955555509178637852e+00 1.941708217558348659e+00 1.927657395398250761e+00 1.913385339603125512e+00 1.898886583016118346e+00 1.884211974955361191e+00 1.869304873722924087e+00 1.854146404339050314e+00 1.838731052690412593e+00 1.823103584318546355e+00 1.807211423591055466e+00
2.075061437673678455e+00 2.063267043441119775e+00 2.051133016413444032e+00 2.038794894384851286e+00 2.026178742266198984e+00 2.013313650578698155e+00 2.000218441817983361e+00 1.986994605239009282e+00 1.973561635163240569e+00 1.959921277260115557e+00 1.946076634020342588e+00 1.932101818764702550e+00 1.917917051770716030e+00 1.903512337918376485e+00 1.888883620625237958e+00 1.874093250265284727e+00 1.859061888783180017e+00 1.843780819291422457e+00 1.828251661951051599e+00 1.812516408913739774e+00 1.796512580228806888e+00
2.067111268879584962e+00 2.055133164153013947e+00 2.042832676804940739e+00 2.030325291922440822e+00 2.017549681034445985e+00 2.004528577609521633e+00 1.991289977802367162e+00 1.977922631034594092e+00 1.964346813676547843e+00 1.950566272549085323e+00 1.936594185988581129e+00 1.922487558481200232e+00 1.908169707916377522e+00 1.893635703723953068e+00 1.878893620620851745e+00 1.863977919424141261e+00 1.848823602202811500e+00 1.833424651272137273e+00 1.817793884126520876e+00 1.801945711458323940e+00 1.785833093298824226e+00
2.059117500844807491e+00 2.046959639564967848e+00 2.034497236251597396e+00 2.021826446355491580e+00 2.008890714057795623e+00 1.995716725545507275e+00 1.982344622835599646e+00 1.968832354152724395e+00 1.955115220298692114e+00 1.941196984536712744e+00 1.927105938641668681e+00 1.912866262200124901e+00 1.898417513523228850e+00 1.883755829045303809e+00 1.868905550338683552e+00 1.853867634210051296e+00 1.838592798525546135e+00 1.823077984357428960e+00 1.807350289152108491e+00 1.791392233200640449e+00 1.775173725229365562e+00
2.051082489990799562e+00 2.038745603608420609e+00 2.026130997482362694e+00 2.013295823406735519e+00 2.000204514682777379e+00 1.986880398758113841e+00 1.973379379536678968e+00 1.959724627936997310e+00 1.945867754646493974e+00 1.931814856512647394e+00 1.917607905234683718e+00 1.903237595032439833e+00 1.888661302423857657e+00 1.873874521791747405e+00 1.858919480065480689e+00 1.843761190633317781e+00 1.828369802498094554e+00 1.812741740644118416e+00 1.796921206941327620e+00 1.780856373896208433e+00 1.764535534916775283e+00
2.043005078019962450e+00 2.030495726460104677e+00 2.017731506866399016e+00 2.004736935393426123e+00 1.991492324787663026e+00 1.978019906098740899e+00 1.964395184098611358e+00 1.950599608953062614e+00 1.936605769330472793e+00 1.922419650651361556e+00 1.908102673414021622e+00 1.893603186520201209e+00 1.878901252762465779e+00 1.863992685868790966e+00 1.848936730032060716e+00 1.833660224357658963e+00 1.818155179654073361e+00 1.802428747515441909e+00 1.786507968934348156e+00 1.770339278311593212e+00 1.753919504956261033e+00
2.034889807721880217e+00 2.022208423162332291e+00 2.009302124491829211e+00 1.996150338455666029e+00 1.982754391956992102e+00 1.969136508697790777e+00 1.955392485097415145e+00 1.941457508218283667e+00 1.927330441754710355e+00 1.913017255754406509e+00 1.898588270181502224e+00 1.883962813501801170e+00 1.869137730883328796e+00 1.854128846245142848e+00 1.838957354035104297e+00 1.823565603708056759e+00 1.807949517450327948e+00 1.792135739181264231e+00 1.776110490260153441e+00 1.759841234214379657e+00 1.743325011234864164e+00
2.026736695969832525e+00 2.013886278101093552e+00 2.000843195073373604e+00 1.987536580120980112e+00 1.973991883040874029e+00 1.960245389662804039e+00 1.946370964611484844e+00 1.932300398356497473e+00 1.918040227677931142e+00 1.903623752206689224e+00 1.889067827548438050e+00 1.874318309791012327e+00 1.859372359566900501e+00 1.844268755318825947e+00 1.828981637600480825e+00 1.813478105425007758e+00 1.797753299419180273e+00 1.781855684367743331e+00 1.765728340463871060e+00 1.749361742066859460e+00 1.732764880317045675e+00
2.018545729575707437e+00 2.005556260106016619e+00 1.992355511581780592e+00 1.978896368600354672e+00 1.965205778324438768e+00 1.951344970389801148e+00 1.937332062530859433e+00 1.923128111269696738e+00 1.908738532508902574e+00 1.894220696422655115e+00 1.879539738721904385e+00 1.864669450420917363e+00 1.849605288398222802e+00 1.834410449709337199e+00 1.819010483158155500e+00 1.803397812572587133e+00 1.787585118317603250e+00 1.771590040066151506e+00 1.755363927928994983e+00 1.738903604913872414e+00 1.722237650761119898e+00
2.010319384094737760e+00 1.997197037931273345e+00 1.983839645592049727e+00 1.970230848135340329e+00 1.956396334527617409e+00 1.942424683276368302e+00 1.928277188841419632e+00 1.913940909245778865e+00 1.899427459266435747e+00 1.884808677424481660e+00 1.870005388783364753e+00 1.855016075875636439e+00 1.839861750305188615e+00 1.824554824518945573e+00 1.809044038311999669e+00 1.793325630264986703e+00 1.777434837860963901e+00 1.761339577566146897e+00 1.745017454609873342e+00 1.728468840056460065e+00 1.711734523532264962e+00
2.002058171811853970e+00 1.988807909885546232e+00 1.975296565515910041e+00 1.961540058741973791e+00 1.947575089212073784e+00 1.933487161278838684e+00 1.919204615808262737e+00 1.904739486287469807e+00 1.890131090785235113e+00 1.875388708966037488e+00 1.860465326387548357e+00 1.845359851986888566e+00 1.830120071143141569e+00 1.814701968976812685e+00 1.799083670096849552e+00 1.783268846307729971e+00 1.767294882270121992e+00 1.751102482865905197e+00 1.734688356464689551e+00 1.718075877253698147e+00 1.701255871915658302e+00
1.993784514994916712e+00 1.980389472519893612e+00 1.966725313051509216e+00 1.952824122373271853e+00 1.938755167308459537e+00 1.924529410298584819e+00 1.910116698268966351e+00 1.895525266261001374e+00 1.880824824143996210e+00 1.865961111814478990e+00 1.850920335662035399e+00 1.835714226579674424e+00 1.820378612689664832e+00 1.804852737035433252e+00 1.789129988367381907e+00 1.773240707531304805e+00 1.757168352073024353e+00 1.740882492635373868e+00 1.724378371344650329e+00 1.707703509698042410e+00 1.690803020941979762e+00
1.985492124262028923e+00 1.971940662060125860e+00 1.958128513647370283e+00 1.944085736732650949e+00 1.929913049794074187e+00 1.915555092219944688e+00 1.901014111831896836e+00 1.886317642156284613e+00 1.871508877896503442e+00 1.856526410420134665e+00 1.841370696348002989e+00 1.826083923859882052e+00 1.810638736749492272e+00 1.795006557113678847e+00 1.779184621053080173e+00 1.763222472586200018e+00 1.747054453322536061e+00 1.730677263496014362e+00 1.714112190194135188e+00 1.697354238088972789e+00 1.680375872441335128e+00
1.977169019183220522e+00 1.963464430900142554e+00 1.949506268020984256e+00 1.935350124154370466e+00 1.921052292163151876e+00 1.906563726843250484e+00 1.891895723750324221e+00 1.877111842202434433e+00 1.862183326744934142e+00 1.847084549781324414e+00 1.831823149539055118e+00 1.816451874102308350e+00 1.800901187137789572e+00 1.785165569699742605e+00 1.769273504041196876e+00 1.753214604358383832e+00 1.736954857922614837e+00 1.720489642303246747e+00 1.703865519729479416e+00 1.687028298553429506e+00 1.669974973896007686e+00
1.968816536471851286e+00 1.954959882610193933e+00 1.940857985405164188e+00 1.926603813724017122e+00 1.912172543739879327e+00 1.897554300097322066e+00 1.882773770506392053e+00 1.867894836847800555e+00 1.852848795879117771e+00 1.837636799583253877e+00 1.822299518355557257e+00 1.806819730159593629e+00 1.791164560571234965e+00 1.775330630411209087e+00 1.759370825176203246e+00 1.743217836291000689e+00 1.726868422594941777e+00 1.710344910607892954e+00 1.693639649869469466e+00 1.676725681529644074e+00 1.659600555641666864e+00
1.960432026352340262e+00 1.946428494444722768e+00 1.932202105309485995e+00 1.917836706537260572e+00 1.903272927551479254e+00 1.888529025770324221e+00 1.873665343529810734e+00 1.858667375916506659e+00 1.843505791038927644e+00 1.828187462429664123e+00 1.812772280103863265e+00 1.797188373335530720e+00 1.781431455395847241e+00 1.765531350934603783e+00 1.749476495532804377e+00 1.733233582553868724e+00 1.716798540432767917e+00 1.700218216177194375e+00 1.683434721462397032e+00 1.666447406414016452e+00 1.649277857568315797e+00
1.952019641213718293e+00 1.937869393077919167e+00 1.923548219930871106e+00 1.909047308777374274e+00 1.894355075114879439e+00 1.879495907768945262e+00 1.864543827822747746e+00 1.849429299453632103e+00 1.834155349225534470e+00 1.818765499938369334e+00 1.803243011149257669e+00 1.787556267412816258e+00 1.771705255742615170e+00 1.755738442687241552e+00 1.739591161268265074e+00 1.723260153666414496e+00 1.706771385411556707e+00 1.690110165593581071e+00 1.673251162013528859e+00 1.656198219213669720e+00 1.638982626938833675e+00
1.943576889808125374e+00 1.929297676692586228e+00 1.914871181478833062e+00 1.900237761285630933e+00 1.885419690463212783e+00 1.870480745282839363e+00 1.855410298316441553e+00 1.840180810978983228e+00 1.824804652167859809e+00 1.809337812401056622e+00 1.793712987392828362e+00 1.777926379641146637e+00 1.762012966886139509e+00 1.745952856384683116e+00 1.729716172025483223e+00 1.713307106932777435e+00 1.696760030624087534e+00 1.680020637662471117e+00 1.663089467301199331e+00 1.645994874700513311e+00 1.628715052550008702e+00
1.935105900468679474e+00 1.920733512914833740e+00 1.906170610503908014e+00 1.891408269753291904e+00 1.876477190956418406e+00 1.861450895606142630e+00 1.846264029017635533e+00 1.830923504610392438e+00 1.815479195051826089e+00 1.799906917629011671e+00 1.784180283894460040e+00 1.768307382083768253e+00 1.752324402295288408e+00 1.736173390358236590e+00 1.719851450480152311e+00 1.703390737518955422e+00 1.686764042561639920e+00 1.669950775748279437e+00 1.652963326058635385e+00 1.635816785241688498e+00 1.618476058778658633e+00
1.926622295648537042e+00 1.912144550748969385e+00 1.897448332447741803e+00 1.882559686785967301e+00 1.867551653494244901e+00 1.852406739899262300e+00 1.837106142596968361e+00 1.821671816379532904e+00 1.806146594515491310e+00 1.790472511233609287e+00 1.774648307891156351e+00 1.758716598253975194e+00 1.742641218436011386e+00 1.726402247762267805e+00 1.710013297299310064e+00 1.693487816710869787e+00 1.676785183137322166e+00 1.659900668162037851e+00 1.642873825484062467e+00 1.625664242911159407e+00 1.608266304287991000e+00
1.918145726768867743e+00 1.903530640235929772e+00 1.888704366945485269e+00 1.873709889362979109e+00 1.858609442610630325e+00 1.843348439349654866e+00 1.827938211272567059e+00 1.812437708248261892e+00 1.796809805843320840e+00 1.781035432736945978e+00 1.765135714394391986e+00 1.749127648859948758e+00 1.732963946577210868e+00 1.716640090859510304e+00 1.700202186072088173e+00 1.683599148284241842e+00 1.666823460123912026e+00 1.649894361241955210e+00 1.632807663209431936e+00 1.615538364434749186e+00 1.598091499370842827e+00
1.909642325962894960e+00 1.894892676822379052e+00 1.879939442710087061e+00 1.864869747292562385e+00 1.849650717049428961e+00 1.834277812989234979e+00 1.818784328533713746e+00 1.803196573533597524e+00 1.787466392303533880e+00 1.771595836015086300e+00 1.755640573438740804e+00 1.739541852623413432e+00 1.723292083317012002e+00 1.706914972520783502e+00 1.690402953501665806e+00 1.673724999502967048e+00 1.656885652582314794e+00 1.639914121218822851e+00 1.622765521900762398e+00 1.605439843254045540e+00 1.587965411188637654e+00
1.901112557329049491e+00 1.886231205908900810e+00 1.871183345383778063e+00 1.856011366746962876e+00 1.840677465216968844e+00 1.825194854827992819e+00 1.809638500404758821e+00 1.793947433461543062e+00 1.778119708135845523e+00 1.762189022151928075e+00 1.746146890958979236e+00 1.729960236589933809e+00 1.713634850193564318e+00 1.697204588068915498e+00 1.680615958969459145e+00 1.663866450971832611e+00 1.646989752894230996e+00 1.629953901992781562e+00 1.612746393409711709e+00 1.595383766969955319e+00 1.577869761576647933e+00
1.892556868737282239e+00 1.877546837656030920e+00 1.862426099199646190e+00 1.847136167015367869e+00 1.831689867197202615e+00 1.816139220008660793e+00 1.800483349917650244e+00 1.784692805655012871e+00 1.768778928122531235e+00 1.752785803123743102e+00 1.736654594989156752e+00 1.720382990100723930e+00 1.704012394536501995e+00 1.687503727722910130e+00 1.670842229251257693e+00 1.654044346525870512e+00 1.637112386960850152e+00 1.620015555589270129e+00 1.602756081703525348e+00 1.585365877620042774e+00 1.567804184419802294e+00
1.883976288170328584e+00 1.868887674560552714e+00 1.853649744953129286e+00 1.838244131090867706e+00 1.822699509857125033e+00 1.807077587280960351e+00 1.791319598479245823e+00 1.775430794566559722e+00 1.759464978063706830e+00 1.743381093170043972e+00 1.727164245828079814e+00 1.710835105960974767e+00 1.694397134728311549e+00 1.677813492804854256e+00 1.661086266829353564e+00 1.644249249380510758e+00 1.627254381942996098e+00 1.610099998280237310e+00 1.592815257688920294e+00 1.575374820381006735e+00 1.557769593459916724e+00
1.875386507910109080e+00 1.860211599536955029e+00 1.844853725245757747e+00 1.829335184581165175e+00 1.813731418743596446e+00 1.798004346713526935e+00 1.782146841107476565e+00 1.766192400275566898e+00 1.750148467776674099e+00 1.733976711025956519e+00 1.717681439778149022e+00 1.701304669183652862e+00 1.684790286473998311e+00 1.668134466728528276e+00 1.651371742016101818e+00 1.634470382015423384e+00 1.617415859979284720e+00 1.600225039904767055e+00 1.582898486121904202e+00 1.565412596191329442e+00 1.547771449770253716e+00
1.866811192086944127e+00 1.851512520654151617e+00 1.836039225255024832e+00 1.820444553170240010e+00 1.804749222259642627e+00 1.788920546194553429e+00 1.772972846457187446e+00 1.756963139145846453e+00 1.740829455879933763e+00 1.724572685527436811e+00 1.708235348297176159e+00 1.691779973547797633e+00 1.675192541188151196e+00 1.658489069968636764e+00 1.641671610083133226e+00 1.624708347834111111e+00 1.607603234700089923e+00 1.590382995025092505e+00 1.573008560718631710e+00 1.555478223419593409e+00 1.537738921902734868e+00
1.858211588228292355e+00 1.842793689133736423e+00 1.827214108960063310e+00 1.811553763822857377e+00 1.795754404067680721e+00 1.779827683006794947e+00 1.763830733615937119e+00 1.747729334084973107e+00 1.731508919711124195e+00 1.715195521513695143e+00 1.698792574441775338e+00 1.682261854250136857e+00 1.665609982177516546e+00 1.648867992734884380e+00 1.631986790161520595e+00 1.614964981526030963e+00 1.597836036308336150e+00 1.580564152587173865e+00 1.563143691016679604e+00 1.545594792743995693e+00 1.527676429662210955e+00
1.849590140547971995e+00 1.834054178331058438e+00 1.818415735490140683e+00 1.802648076382493247e+00 1.786748110212599050e+00 1.770755048213872085e+00 1.754681286788724703e+00 1.738491464588676427e+00 1.722194568222330524e+00 1.705833855277829159e+00 1.689353662587040894e+00 1.672751008750394952e+00 1.656065855080629312e+00 1.639258349505526624e+00 1.622316970570496952e+00 1.605263519090845969e+00 1.588087811762811663e+00 1.570769205591413531e+00 1.553317034888024306e+00 1.535674808445153694e+00 1.517590122493329252e+00
1.840944364258619403e+00 1.825329719706323406e+00 1.809599607283552958e+00 1.793728925557315890e+00 1.777738447207459105e+00 1.761689305621033874e+00 1.745525131058861756e+00 1.729250227447581389e+00 1.712913542866282945e+00 1.696474011129289750e+00 1.679919483661102664e+00 1.663276111895512166e+00 1.646532141941466021e+00 1.629662021020810148e+00 1.612675522779566606e+00 1.595588080314900070e+00 1.578362372912388567e+00 1.560999209448747926e+00 1.543533628551276182e+00 1.525724668143970231e+00 1.507485411830518096e+00
1.832287484090988183e+00 1.816604280333778743e+00 1.800767756553455889e+00 1.784795456871884678e+00 1.768757176945071175e+00 1.752615397185753876e+00 1.736363757906437932e+00 1.720038261602230723e+00 1.703631825404468447e+00 1.687117039753542658e+00 1.670504928461741034e+00 1.653816795147829088e+00 1.637009484941608140e+00 1.620080615825857828e+00 1.603070747794611561e+00 1.585929988191162598e+00 1.568657777638145401e+00 1.551281642897569757e+00 1.533723591229047667e+00 1.515749644613541447e+00 1.497366280743419154e+00
1.823654385199117600e+00 1.807860631833350329e+00 1.791920004273540812e+00 1.775885596016332890e+00 1.759765295119535944e+00 1.743533765008160374e+00 1.727213214823438259e+00 1.710834364834704635e+00 1.694350430047132594e+00 1.677763090555412395e+00 1.661120493810267718e+00 1.644365951198536235e+00 1.627497218392963463e+00 1.610545158967980228e+00 1.593481423124195162e+00 1.576292604849955481e+00 1.558996211168532264e+00 1.541588068871774242e+00 1.523882917853948138e+00 1.505754803436300415e+00 1.487237476351589649e+00
1.815000451554320549e+00 1.799099413143217863e+00 1.783073274624319637e+00 1.766976126776737432e+00 1.750763583565197568e+00 1.734445332882241564e+00 1.718087135665199883e+00 1.701628441031143746e+00 1.685070440029496686e+00 1.668451377664669222e+00 1.651742189670377003e+00 1.634925133824049137e+00 1.618021010281711414e+00 1.601025187424352181e+00 1.583909951822175755e+00 1.566685652094067072e+00 1.549366464199033677e+00 1.531885411013024223e+00 1.514015947920649419e+00 1.495744321377356023e+00 1.477103130338311976e+00
1.806326481323193400e+00 1.790319740810797144e+00 1.774246888373829378e+00 1.758054558402963874e+00 1.741752787403512137e+00 1.725395151460797027e+00 1.708956776013912160e+00 1.692421332834104675e+00 1.675818335495013356e+00 1.659144419675477211e+00 1.642369977546115134e+00 1.625504778566585262e+00 1.608567507326719381e+00 1.591518483816657836e+00 1.574357777518060164e+00 1.557118703415669936e+00 1.539758772343206905e+00 1.522151055148621257e+00 1.504127802526107782e+00 1.485722504890268025e+00 1.466967149290153705e+00
1.797632748368259703e+00 1.781573941522734295e+00 1.765405842920637403e+00 1.749121491766473913e+00 1.732762425441212173e+00 1.716340037241868455e+00 1.699822585864118052e+00 1.683226839847113521e+00 1.666581771722368543e+00 1.649842468423245556e+00 1.633006900669679906e+00 1.616119403569828084e+00 1.599127533574616455e+00 1.582028628191543218e+00 1.564853337161445479e+00 1.547572536589384651e+00 1.530160773987897738e+00 1.512389251437931570e+00 1.494222813870497601e+00 1.475693617845582173e+00 1.456833285329527827e+00
1.788951660251997700e+00 1.772814621440381044e+00 1.756551292186832036e+00 1.740191308374835266e+00 1.723782506934587566e+00 1.707279317334683411e+00 1.690686084279646062e+00 1.674062276002728833e+00 1.657348180934857362e+00 1.640544754422318841e+00 1.623687493617855582e+00 1.606743477267274400e+00 1.589699818536382203e+00 1.572578977231336994e+00 1.555367702245433303e+00 1.538046723569114205e+00 1.520529630529869225e+00 1.502604787674245435e+00 1.484305106248267281e+00 1.465661540015278153e+00 1.446705138245176769e+00
1.780275146571959954e+00 1.764039279069750110e+00 1.747683922685343783e+00 1.731286765959816565e+00 1.714794976114577096e+00 1.698213140143951305e+00 1.681590741431161051e+00 1.664896496364506984e+00 1.648118243103942504e+00 1.631281839340368522e+00 1.614377061885783782e+00 1.597379828579675642e+00 1.580303104608312692e+00 1.563153044852051199e+00 1.545901026892635866e+00 1.528550658604981516e+00 1.510870205190722126e+00 1.492802146638618987e+00 1.474378680654828910e+00 1.455629997950824261e+00 1.436586161161812036e+00
1.771580227927891604e+00 1.755248872386973691e+00 1.738852673583702213e+00 1.722372189272081799e+00 1.705800092305943760e+00 1.689174053292847200e+00 1.672494360939755120e+00 1.655732557031177166e+00 1.638908564744602669e+00 1.622034725386773513e+00 1.605074703185149110e+00 1.588034096097655112e+00 1.570937607116701829e+00 1.553744591937882946e+00 1.536453371938451884e+00 1.519019975229509711e+00 1.501186699302166971e+00 1.482985431489571626e+00 1.464447567885803325e+00 1.445602570421793631e+00 1.426478486906747944e+00
1.762868150053872096e+00 1.746478397873439947e+00 1.730011908183804792e+00 1.713448780039867447e+00 1.696817095695200006e+00 1.680145835786241104e+00 1.663395757138674824e+00 1.646577409749906407e+00 1.629726730893102937e+00 1.612795670448088137e+00 1.595783187806057324e+00 1.578728485360193501e+00 1.561586478575234693e+00 1.544353556445477782e+00 1.527056050860966518e+00 1.509459777821089421e+00 1.491483563068171314e+00 1.473158650106347167e+00 1.454515426217497520e+00 1.435582676524197021e+00 1.416385569809106570e+00
1.754159175212293365e+00 1.737712218184445989e+00 1.721159991553115942e+00 1.704522107682385101e+00 1.687856743459291264e+00 1.671113725021305063e+00 1.654297857802873972e+00 1.637458305738718867e+00 1.620548025096157918e+00 1.603562644045397612e+00 1.586534957283788128e+00 1.569435842782598511e+00 1.552250713014494465e+00 1.535003726542861102e+00 1.517623525472626911e+00 1.499874503147789362e+00 1.481765041844604891e+00 1.463325619090130481e+00 1.444585630995322667e+00 1.425571789372873432e+00 1.406310876719046643e+00
1.745468703471810601e+00 1.728932457599161809e+00 1.712296916638463173e+00 1.695630052184825320e+00 1.678891533406594583e+00 1.662078994751497785e+00 1.645238203593479831e+00 1.628341792461015514e+00 1.611375525372309880e+00 1.594365333054167166e+00 1.577299042616161051e+00 1.560155012535741292e+00 1.542948821829234873e+00 1.525679391610211377e+00 1.508160131933204084e+00 1.490268371369650291e+00 1.472035082944266549e+00 1.453490018426020658e+00 1.434661510820918862e+00 1.415574393490384386e+00 1.396255633527063056e+00
1.736762494737664753e+00 1.720139485598589868e+00 1.703467190639675666e+00 1.686730818942236088e+00 1.669920184143659725e+00 1.653072956978614449e+00 1.636183135060403027e+00 1.619228179677798307e+00 1.602227651721687574e+00 1.585186947921449985e+00 1.568074282611185977e+00 1.550899583976519613e+00 1.533677655105281756e+00 1.516341974322768182e+00 1.498670264851685863e+00 1.480645448193600666e+00 1.462297487147623087e+00 1.443655385961276183e+00 1.424745059428921490e+00 1.405593598314560877e+00 1.386223211379290499e+00
